PDE 2010  4 11 22  8 12.80  36.9700   -3.5400 609.8 6.0 6.3 STRAIT OF GIBRALTAR - INV
event name:     201004112208A
time shift:      2.7300
half duration:   3.6000
latitude:       37.0921
longitude:      -3.6847
depth:         617.4647
Mrr:      -0.176690E+26
Mtt:       0.410004E+25
Mpp:       0.135689E+26
Mrt:       0.603240E+24
Mrp:       0.275839E+26
Mtp:       0.143343E+26
