PDE 2010  1 12 21 53 10.20  18.4500  -72.5500  13.0 0.0 7.0 HAITI REGION - INV
event name:     201001122153A
time shift:      6.9000
half duration:   8.1000
latitude:       18.5950
longitude:     -72.6214
depth:          11.7989
Mrr:       0.177765E+27
Mtt:      -0.426760E+27
Mpp:       0.248995E+27
Mrt:      -0.886974E+26
Mrp:      -0.114406E+27
Mtp:       0.297917E+27
