 PDE 2010 11 10  4  5 24.40 -45.4600   96.3900  10.0 6.0 6.5 SOUTHEAST INDIAN RIDGE - INV
event name:     201011100405A
time shift:      6.4100
half duration:   4.1000
latitude:      -45.4638
longitude:      96.0760
depth:           3.9724
Mrr:      -0.293486E+25
Mtt:      -0.494807E+26
Mpp:       0.524156E+26
Mrt:      -0.135573E+26
Mrp:       0.168840E+25
Mtp:      -0.186925E+26
